     0.000     4.368
     0.017     4.362
     0.033     4.355
     0.050     4.348
     0.067     4.341
     0.083     4.334
     0.100     4.327
     0.117     4.319
     0.133     4.312
     0.150     4.304
     0.167     4.296
     0.183     4.288
     0.200     4.279
     0.217     4.271
     0.233     4.262
     0.250     4.253
     0.267     4.244
     0.283     4.235
     0.300     4.226
     0.317     4.216
     0.333     4.207
     0.350     4.197
     0.367     4.187
     0.383     4.178
     0.400     4.168
     0.417     4.158
     0.433     4.148
     0.450     4.138
     0.467     4.128
     0.483     4.118
     0.500     4.108
     0.517     4.098
     0.533     4.088
     0.550     4.078
     0.567     4.068
     0.583     4.058
     0.600     4.049
     0.617     4.039
     0.633     4.029
     0.650     4.020
     0.667     4.011
     0.683     4.001
     0.700     3.992
     0.717     3.984
     0.733     3.975
     0.750     3.967
     0.767     3.958
     0.783     3.950
     0.800     3.942
     0.817     3.935
     0.833     3.928
     0.850     3.921
     0.867     3.914
     0.883     3.907
     0.900     3.901
     0.917     3.895
     0.933     3.890
     0.950     3.885
     0.967     3.880
     0.983     3.875
     1.000     3.871
     1.017     3.867
     1.033     3.864
     1.050     3.861
     1.067     3.858
     1.083     3.856
     1.100     3.854
     1.117     3.853
     1.133     3.851
     1.150     3.851
     1.167     3.850
     1.183     3.851
     1.200     3.851
     1.217     3.852
     1.233     3.853
     1.250     3.855
     1.267     3.857
     1.283     3.860
     1.300     3.862
     1.317     3.866
     1.333     3.869
     1.350     3.874
     1.367     3.878
     1.383     3.883
     1.400     3.888
     1.417     3.893
     1.433     3.899
     1.450     3.905
     1.467     3.912
     1.483     3.919
     1.500     3.926
     1.517     3.933
     1.533     3.941
     1.550     3.949
     1.567     3.957
     1.583     3.966
     1.600     3.974
     1.617     3.983
     1.633     3.993
     1.650     4.002
     1.667     4.011
     1.683     4.021
     1.700     4.031
     1.717     4.041
     1.733     4.051
     1.750     4.061
     1.767     4.071
     1.783     4.081
     1.800     4.091
     1.817     4.102
     1.833     4.112
     1.850     4.122
     1.867     4.133
     1.883     4.143
     1.900     4.153
     1.917     4.163
     1.933     4.173
     1.950     4.183
     1.967     4.193
     1.983     4.203
     2.000     4.212
     2.017     4.221
     2.033     4.231
     2.050     4.239
     2.067     4.248
     2.083     4.257
     2.100     4.265
     2.117     4.273
     2.133     4.281
     2.150     4.288
     2.167     4.295
     2.183     4.302
     2.200     4.309
     2.217     4.315
     2.233     4.321
     2.250     4.327
     2.267     4.332
     2.283     4.337
     2.300     4.342
     2.317     4.346
     2.333     4.350
     2.350     4.353
     2.367     4.356
     2.383     4.359
     2.400     4.362
     2.417     4.364
     2.433     4.365
     2.450     4.367
     2.467     4.368
     2.483     4.368
     2.500     4.368
     2.517     4.368
     2.533     4.367
     2.550     4.367
     2.567     4.365
     2.583     4.364
     2.600     4.362
     2.617     4.359
     2.633     4.357
     2.650     4.354
     2.667     4.350
     2.683     4.347
     2.700     4.343
     2.717     4.339
     2.733     4.334
     2.750     4.329
     2.767     4.325
     2.783     4.319
     2.800     4.314
     2.817     4.308
     2.833     4.302
     2.850     4.296
     2.867     4.290
     2.883     4.284
     2.900     4.277
     2.917     4.270
     2.933     4.264
     2.950     4.257
     2.967     4.250
     2.983     4.242
     3.000     4.235
     3.017     4.228
     3.033     4.221
     3.050     4.213
     3.067     4.206
     3.083     4.199
     3.100     4.192
     3.117     4.184
     3.133     4.177
     3.150     4.170
     3.167     4.163
     3.183     4.156
     3.200     4.149
     3.217     4.142
     3.233     4.135
     3.250     4.129
     3.267     4.122
     3.283     4.116
     3.300     4.110
     3.317     4.104
     3.333     4.098
     3.350     4.092
     3.367     4.087
     3.383     4.081
     3.400     4.076
     3.417     4.071
     3.433     4.067
     3.450     4.062
     3.467     4.058
     3.483     4.054
     3.500     4.050
     3.517     4.047
     3.533     4.044
     3.550     4.040
     3.567     4.038
     3.583     4.035
     3.600     4.033
     3.617     4.031
     3.633     4.029
     3.650     4.027
     3.667     4.026
     3.683     4.024
     3.700     4.024
     3.717     4.023
     3.733     4.022
     3.750     4.022
     3.767     4.022
     3.783     4.022
     3.800     4.022
     3.817     4.023
     3.833     4.023
     3.850     4.024
     3.867     4.025
     3.883     4.026
     3.900     4.028
     3.917     4.029
     3.933     4.031
     3.950     4.032
     3.967     4.034
     3.983     4.036
     4.000     4.038
     4.017     4.040
     4.033     4.042
     4.050     4.045
     4.067     4.047
     4.083     4.049
     4.100     4.052
     4.117     4.054
     4.133     4.057
     4.150     4.059
     4.167     4.062
     4.183     4.064
     4.200     4.067
     4.217     4.069
     4.233     4.071
     4.250     4.074
     4.267     4.076
     4.283     4.078
     4.300     4.081
     4.317     4.083
     4.333     4.085
     4.350     4.087
     4.367     4.089
     4.383     4.091
     4.400     4.093
     4.417     4.094
     4.433     4.096
     4.450     4.098
     4.467     4.099
     4.483     4.100
     4.500     4.102
     4.517     4.103
     4.533     4.104
     4.550     4.105
     4.567     4.105
     4.583     4.106
     4.600     4.107
     4.617     4.107
     4.633     4.108
     4.650     4.108
     4.667     4.108
     4.683     4.108
     4.700     4.108
     4.717     4.108
     4.733     4.108
     4.750     4.108
     4.767     4.108
     4.783     4.108
     4.800     4.107
     4.817     4.107
     4.833     4.107
     4.850     4.107
     4.867     4.106
     4.883     4.106
     4.900     4.106
     4.917     4.105
     4.933     4.105
     4.950     4.105
     4.967     4.105
     4.983     4.105
     5.000     4.105
     5.017     4.105
     5.033     4.105
     5.050     4.105
     5.067     4.106
     5.083     4.106
     5.100     4.107
     5.117     4.108
     5.133     4.109
     5.150     4.110
     5.167     4.112
     5.183     4.114
     5.200     4.116
     5.217     4.118
     5.233     4.120
     5.250     4.123
     5.267     4.126
     5.283     4.129
     5.300     4.132
     5.317     4.136
     5.333     4.140
     5.350     4.145
     5.367     4.149
     5.383     4.155
     5.400     4.160
     5.417     4.166
     5.433     4.172
     5.450     4.178
     5.467     4.185
     5.483     4.193
     5.500     4.200
     5.517     4.208
     5.533     4.217
     5.550     4.225
     5.567     4.235
     5.583     4.244
     5.600     4.254
     5.617     4.265
     5.633     4.276
     5.650     4.287
     5.667     4.298
     5.683     4.311
     5.700     4.323
     5.717     4.336
     5.733     4.349
     5.750     4.363
     5.767     4.377
     5.783     4.391
     5.800     4.406
     5.817     4.421
     5.833     4.437
     5.850     4.453
     5.867     4.469
     5.883     4.486
     5.900     4.503
     5.917     4.520
     5.933     4.538
     5.950     4.556
     5.967     4.574
     5.983     4.593
     6.000     4.612
     6.017     4.631
     6.033     4.650
     6.050     4.670
     6.067     4.690
     6.083     4.710
     6.100     4.731
     6.117     4.751
     6.133     4.772
     6.150     4.793
     6.167     4.814
     6.183     4.836
     6.200     4.857
     6.217     4.879
     6.233     4.901
     6.250     4.923
     6.267     4.945
     6.283     4.967
     6.300     4.989
     6.317     5.011
     6.333     5.034
     6.350     5.056
     6.367     5.078
     6.383     5.101
     6.400     5.123
     6.417     5.146
     6.433     5.168
     6.450     5.191
     6.467     5.213
     6.483     5.235
     6.500     5.258
     6.517     5.280
     6.533     5.302
     6.550     5.324
     6.567     5.346
     6.583     5.368
     6.600     5.390
     6.617     5.412
     6.633     5.433
     6.650     5.455
     6.667     5.476
     6.683     5.497
     6.700     5.519
     6.717     5.540
     6.733     5.561
     6.750     5.581
     6.767     5.602
     6.783     5.622
     6.800     5.643
     6.817     5.663
     6.833     5.683
     6.850     5.703
     6.867     5.723
     6.883     5.742
     6.900     5.762
     6.917     5.781
     6.933     5.801
     6.950     5.820
     6.967     5.839
     6.983     5.858
     7.000     5.877
     7.017     5.895
     7.033     5.914
     7.050     5.932
     7.067     5.951
     7.083     5.969
     7.100     5.987
     7.117     6.006
     7.133     6.024
     7.150     6.042
     7.167     6.060
     7.183     6.078
     7.200     6.096
     7.217     6.114
     7.233     6.132
     7.250     6.150
     7.267     6.168
     7.283     6.186
     7.300     6.204
     7.317     6.222
     7.333     6.240
     7.350     6.258
     7.367     6.276
     7.383     6.294
     7.400     6.312
     7.417     6.331
     7.433     6.349
     7.450     6.368
     7.467     6.386
     7.483     6.405
     7.500     6.424
     7.517     6.443
     7.533     6.462
     7.550     6.481
     7.567     6.501
     7.583     6.520
     7.600     6.540
     7.617     6.560
     7.633     6.580
     7.650     6.600
     7.667     6.620
     7.683     6.641
     7.700     6.661
     7.717     6.682
     7.733     6.703
     7.750     6.724
     7.767     6.746
     7.783     6.767
     7.800     6.789
     7.817     6.811
     7.833     6.833
     7.850     6.855
     7.867     6.877
     7.883     6.900
     7.900     6.923
     7.917     6.946
     7.933     6.969
     7.950     6.992
     7.967     7.015
     7.983     7.039
     8.000     7.062
     8.017     7.086
     8.033     7.110
     8.050     7.134
     8.067     7.158
     8.083     7.182
     8.100     7.206
     8.117     7.230
     8.133     7.255
     8.150     7.279
     8.167     7.304
     8.183     7.328
     8.200     7.353
     8.217     7.378
     8.233     7.402
     8.250     7.427
     8.267     7.451
     8.283     7.476
     8.300     7.500
     8.317     7.525
     8.333     7.549
     8.350     7.573
     8.367     7.598
     8.383     7.622
     8.400     7.646
     8.417     7.670
     8.433     7.694
     8.450     7.717
     8.467     7.741
     8.483     7.764
     8.500     7.787
     8.517     7.810
     8.533     7.833
     8.550     7.855
     8.567     7.877
     8.583     7.899
     8.600     7.921
     8.617     7.942
     8.633     7.964
     8.650     7.985
     8.667     8.005
     8.683     8.026
     8.700     8.046
     8.717     8.065
     8.733     8.085
     8.750     8.104
     8.767     8.122
     8.783     8.141
     8.800     8.159
     8.817     8.176
     8.833     8.194
     8.850     8.210
     8.867     8.227
     8.883     8.243
     8.900     8.259
     8.917     8.274
     8.933     8.289
     8.950     8.304
     8.967     8.318
     8.983     8.332
     9.000     8.345
     9.017     8.358
     9.033     8.371
     9.050     8.383
     9.067     8.395
     9.083     8.406
     9.100     8.417
     9.117     8.428
     9.133     8.438
     9.150     8.448
     9.167     8.458
     9.183     8.467
     9.200     8.476
     9.217     8.484
     9.233     8.492
     9.250     8.500
     9.267     8.507
     9.283     8.514
     9.300     8.521
     9.317     8.527
     9.333     8.534
     9.350     8.539
     9.367     8.545
     9.383     8.550
     9.400     8.555
     9.417     8.560
     9.433     8.564
     9.450     8.568
     9.467     8.572
     9.483     8.576
     9.500     8.579
     9.517     8.583
     9.533     8.586
     9.550     8.589
     9.567     8.591
     9.583     8.594
     9.600     8.596
     9.617     8.598
     9.633     8.600
     9.650     8.602
     9.667     8.604
     9.683     8.606
     9.700     8.608
     9.717     8.609
     9.733     8.611
     9.750     8.612
     9.767     8.613
     9.783     8.615
     9.800     8.616
     9.817     8.617
     9.833     8.618
     9.850     8.620
     9.867     8.621
     9.883     8.622
     9.900     8.623
     9.917     8.624
     9.933     8.625
     9.950     8.627
     9.967     8.628
     9.983     8.629
    10.000     8.631
    10.017     8.632
    10.033     8.633
    10.050     8.635
    10.067     8.636
    10.083     8.638
    10.100     8.639
    10.117     8.641
    10.133     8.643
    10.150     8.645
    10.167     8.647
    10.183     8.649
    10.200     8.651
    10.217     8.653
    10.233     8.655
    10.250     8.657
    10.267     8.659
    10.283     8.662
    10.300     8.664
    10.317     8.667
    10.333     8.669
    10.350     8.672
    10.367     8.674
    10.383     8.677
    10.400     8.680
    10.417     8.682
    10.433     8.685
    10.450     8.688
    10.467     8.691
    10.483     8.694
    10.500     8.696
    10.517     8.699
    10.533     8.702
    10.550     8.705
    10.567     8.708
    10.583     8.710
    10.600     8.713
    10.617     8.716
    10.633     8.718
    10.650     8.721
    10.667     8.723
    10.683     8.726
    10.700     8.728
    10.717     8.730
    10.733     8.732
    10.750     8.734
    10.767     8.736
    10.783     8.738
    10.800     8.740
    10.817     8.741
    10.833     8.743
    10.850     8.744
    10.867     8.745
    10.883     8.746
    10.900     8.746
    10.917     8.747
    10.933     8.747
    10.950     8.748
    10.967     8.748
    10.983     8.747
    11.000     8.747
    11.017     8.746
    11.033     8.745
    11.050     8.744
    11.067     8.743
    11.083     8.741
    11.100     8.739
    11.117     8.737
    11.133     8.735
    11.150     8.732
    11.167     8.729
    11.183     8.726
    11.200     8.723
    11.217     8.719
    11.233     8.715
    11.250     8.711
    11.267     8.707
    11.283     8.702
    11.300     8.697
    11.317     8.692
    11.333     8.686
    11.350     8.680
    11.367     8.674
    11.383     8.668
    11.400     8.661
    11.417     8.655
    11.433     8.647
    11.450     8.640
    11.467     8.632
    11.483     8.625
    11.500     8.617
    11.517     8.608
    11.533     8.600
    11.550     8.591
    11.567     8.582
    11.583     8.573
    11.600     8.563
    11.617     8.554
    11.633     8.544
    11.650     8.534
    11.667     8.524
    11.683     8.514
    11.700     8.503
    11.717     8.493
    11.733     8.482
    11.750     8.471
    11.767     8.460
    11.783     8.449
    11.800     8.438
    11.817     8.426
    11.833     8.415
    11.850     8.403
    11.867     8.392
    11.883     8.380
    11.900     8.369
    11.917     8.357
    11.933     8.345
    11.950     8.333
    11.967     8.322
    11.983     8.310
    12.000     8.298
    12.017     8.287
    12.033     8.275
    12.050     8.264
    12.067     8.252
    12.083     8.241
    12.100     8.230
    12.117     8.218
    12.133     8.207
    12.150     8.196
    12.167     8.186
    12.183     8.175
    12.200     8.164
    12.217     8.154
    12.233     8.144
    12.250     8.134
    12.267     8.124
    12.283     8.114
    12.300     8.105
    12.317     8.096
    12.333     8.087
    12.350     8.078
    12.367     8.069
    12.383     8.061
    12.400     8.053
    12.417     8.046
    12.433     8.038
    12.450     8.031
    12.467     8.024
    12.483     8.017
    12.500     8.011
    12.517     8.005
    12.533     8.000
    12.550     7.994
    12.567     7.989
    12.583     7.985
    12.600     7.980
    12.617     7.976
    12.633     7.972
    12.650     7.969
    12.667     7.966
    12.683     7.963
    12.700     7.961
    12.717     7.959
    12.733     7.957
    12.750     7.956
    12.767     7.955
    12.783     7.955
    12.800     7.954
    12.817     7.954
    12.833     7.955
    12.850     7.956
    12.867     7.957
    12.883     7.958
    12.900     7.960
    12.917     7.962
    12.933     7.965
    12.950     7.968
    12.967     7.971
    12.983     7.974
    13.000     7.978
    13.017     7.982
    13.033     7.987
    13.050     7.992
    13.067     7.997
    13.083     8.002
    13.100     8.008
    13.117     8.014
    13.133     8.020
    13.150     8.027
    13.167     8.033
    13.183     8.040
    13.200     8.048
    13.217     8.055
    13.233     8.063
    13.250     8.071
    13.267     8.079
    13.283     8.088
    13.300     8.097
    13.317     8.105
    13.333     8.115
    13.350     8.124
    13.367     8.133
    13.383     8.143
    13.400     8.153
    13.417     8.163
    13.433     8.173
    13.450     8.183
    13.467     8.193
    13.483     8.204
    13.500     8.215
    13.517     8.225
    13.533     8.236
    13.550     8.247
    13.567     8.258
    13.583     8.269
    13.600     8.280
    13.617     8.291
    13.633     8.303
    13.650     8.314
    13.667     8.325
    13.683     8.336
    13.700     8.348
    13.717     8.359
    13.733     8.370
    13.750     8.382
    13.767     8.393
    13.783     8.404
    13.800     8.416
    13.817     8.427
    13.833     8.438
    13.850     8.449
    13.867     8.460
    13.883     8.472
    13.900     8.483
    13.917     8.493
    13.933     8.504
    13.950     8.515
    13.967     8.526
    13.983     8.536
    14.000     8.547
    14.017     8.557
    14.033     8.567
    14.050     8.578
    14.067     8.588
    14.083     8.598
    14.100     8.607
    14.117     8.617
    14.133     8.627
    14.150     8.636
    14.167     8.645
    14.183     8.654
    14.200     8.663
    14.217     8.672
    14.233     8.681
    14.250     8.690
    14.267     8.698
    14.283     8.706
    14.300     8.714
    14.317     8.722
    14.333     8.730
    14.350     8.738
    14.367     8.746
    14.383     8.753
    14.400     8.760
    14.417     8.767
    14.433     8.774
    14.450     8.781
    14.467     8.788
    14.483     8.794
    14.500     8.801
    14.517     8.807
    14.533     8.813
    14.550     8.819
    14.567     8.825
    14.583     8.831
    14.600     8.836
    14.617     8.842
    14.633     8.847
    14.650     8.852
    14.667     8.857
    14.683     8.862
    14.700     8.867
    14.717     8.872
    14.733     8.877
    14.750     8.881
    14.767     8.885
    14.783     8.890
    14.800     8.894
    14.817     8.898
    14.833     8.902
    14.850     8.906
    14.867     8.910
    14.883     8.914
    14.900     8.918
    14.917     8.921
    14.933     8.925
    14.950     8.929
    14.967     8.932
    14.983     8.936
    15.000     8.939
    15.017     8.942
    15.033     8.946
    15.050     8.949
    15.067     8.952
    15.083     8.955
    15.100     8.958
    15.117     8.962
    15.133     8.965
    15.150     8.968
    15.167     8.971
    15.183     8.974
    15.200     8.977
    15.217     8.980
    15.233     8.983
    15.250     8.986
    15.267     8.989
    15.283     8.992
    15.300     8.995
    15.317     8.998
    15.333     9.002
    15.350     9.005
    15.367     9.008
    15.383     9.011
    15.400     9.014
    15.417     9.017
    15.433     9.020
    15.450     9.024
    15.467     9.027
    15.483     9.030
    15.500     9.033
    15.517     9.037
    15.533     9.040
    15.550     9.043
    15.567     9.047
    15.583     9.050
    15.600     9.054
    15.617     9.057
    15.633     9.060
    15.650     9.064
    15.667     9.068
    15.683     9.071
    15.700     9.075
    15.717     9.078
    15.733     9.082
    15.750     9.085
    15.767     9.089
    15.783     9.093
    15.800     9.096
    15.817     9.100
    15.833     9.103
    15.850     9.107
    15.867     9.111
    15.883     9.114
    15.900     9.118
    15.917     9.122
    15.933     9.125
    15.950     9.129
    15.967     9.132
    15.983     9.136
    16.000     9.139
    16.017     9.142
    16.033     9.146
    16.050     9.149
    16.067     9.152
    16.083     9.155
    16.100     9.159
    16.117     9.162
    16.133     9.165
    16.150     9.167
    16.167     9.170
    16.183     9.173
    16.200     9.175
    16.217     9.178
    16.233     9.180
    16.250     9.182
    16.267     9.184
    16.283     9.186
    16.300     9.188
    16.317     9.190
    16.333     9.191
    16.350     9.193
    16.367     9.194
    16.383     9.195
    16.400     9.195
    16.417     9.196
    16.433     9.196
    16.450     9.197
    16.467     9.197
    16.483     9.196
    16.500     9.196
    16.517     9.195
    16.533     9.194
    16.550     9.193
    16.567     9.191
    16.583     9.190
    16.600     9.187
    16.617     9.185
    16.633     9.182
    16.650     9.180
    16.667     9.176
    16.683     9.173
    16.700     9.169
    16.717     9.165
    16.733     9.160
    16.750     9.155
    16.767     9.150
    16.783     9.145
    16.800     9.139
    16.817     9.132
    16.833     9.126
    16.850     9.119
    16.867     9.111
    16.883     9.104
    16.900     9.095
    16.917     9.087
    16.933     9.078
    16.950     9.068
    16.967     9.058
    16.983     9.048
    17.000     9.038
    17.017     9.026
    17.033     9.015
    17.050     9.003
    17.067     8.991
    17.083     8.978
    17.100     8.965
    17.117     8.951
    17.133     8.937
    17.150     8.922
    17.167     8.907
    17.183     8.892
    17.200     8.876
    17.217     8.859
    17.233     8.842
    17.250     8.825
    17.267     8.807
    17.283     8.789
    17.300     8.770
    17.317     8.751
    17.333     8.732
    17.350     8.712
    17.367     8.691
    17.383     8.670
    17.400     8.649
    17.417     8.627
    17.433     8.605
    17.450     8.583
    17.467     8.559
    17.483     8.536
    17.500     8.512
    17.517     8.488
    17.533     8.463
    17.550     8.438
    17.567     8.413
    17.583     8.387
    17.600     8.361
    17.617     8.334
    17.633     8.307
    17.650     8.280
    17.667     8.252
    17.683     8.224
    17.700     8.196
    17.717     8.167
    17.733     8.138
    17.750     8.109
    17.767     8.080
    17.783     8.050
    17.800     8.020
    17.817     7.989
    17.833     7.959
    17.850     7.928
    17.867     7.897
    17.883     7.866
    17.900     7.834
    17.917     7.803
    17.933     7.771
    17.950     7.739
    17.967     7.707
    17.983     7.674
    18.000     7.642
    18.017     7.609
    18.033     7.577
    18.050     7.544
    18.067     7.511
    18.083     7.478
    18.100     7.445
    18.117     7.412
    18.133     7.379
    18.150     7.346
    18.167     7.313
    18.183     7.280
    18.200     7.247
    18.217     7.214
    18.233     7.181
    18.250     7.148
    18.267     7.116
    18.283     7.083
    18.300     7.050
    18.317     7.018
    18.333     6.985
    18.350     6.953
    18.367     6.921
    18.383     6.889
    18.400     6.857
    18.417     6.825
    18.433     6.793
    18.450     6.762
    18.467     6.731
    18.483     6.700
    18.500     6.669
    18.517     6.639
    18.533     6.608
    18.550     6.578
    18.567     6.548
    18.583     6.519
    18.600     6.490
    18.617     6.460
    18.633     6.432
    18.650     6.403
    18.667     6.375
    18.683     6.347
    18.700     6.319
    18.717     6.292
    18.733     6.265
    18.750     6.238
    18.767     6.211
    18.783     6.185
    18.800     6.159
    18.817     6.134
    18.833     6.109
    18.850     6.084
    18.867     6.059
    18.883     6.034
    18.900     6.010
    18.917     5.987
    18.933     5.963
    18.950     5.940
    18.967     5.917
    18.983     5.895
    19.000     5.872
    19.017     5.850
    19.033     5.829
    19.050     5.807
    19.067     5.786
    19.083     5.765
    19.100     5.745
    19.117     5.724
    19.133     5.704
    19.150     5.684
    19.167     5.665
    19.183     5.646
    19.200     5.626
    19.217     5.608
    19.233     5.589
    19.250     5.570
    19.267     5.552
    19.283     5.534
    19.300     5.516
    19.317     5.499
    19.333     5.481
    19.350     5.464
    19.367     5.447
    19.383     5.430
    19.400     5.413
    19.417     5.396
    19.433     5.380
    19.450     5.363
    19.467     5.347
    19.483     5.331
    19.500     5.315
    19.517     5.299
    19.533     5.283
    19.550     5.267
    19.567     5.251
    19.583     5.236
    19.600     5.220
    19.617     5.205
    19.633     5.189
    19.650     5.174
    19.667     5.158
    19.683     5.143
    19.700     5.127
    19.717     5.112
    19.733     5.097
    19.750     5.082
    19.767     5.066
    19.783     5.051
    19.800     5.036
    19.817     5.021
    19.833     5.005
    19.850     4.990
    19.867     4.975
    19.883     4.960
    19.900     4.945
    19.917     4.929
    19.933     4.914
    19.950     4.899
    19.967     4.884
    19.983     4.868
    20.000     4.853
    20.017     4.838
    20.033     4.823
    20.050     4.808
    20.067     4.792
    20.083     4.777
    20.100     4.762
    20.117     4.747
    20.133     4.732
    20.150     4.717
    20.167     4.701
    20.183     4.686
    20.200     4.671
    20.217     4.656
    20.233     4.641
    20.250     4.627
    20.267     4.612
    20.283     4.597
    20.300     4.582
    20.317     4.568
    20.333     4.553
    20.350     4.539
    20.367     4.525
    20.383     4.511
    20.400     4.497
    20.417     4.483
    20.433     4.469
    20.450     4.456
    20.467     4.442
    20.483     4.429
    20.500     4.416
    20.517     4.403
    20.533     4.390
    20.550     4.377
    20.567     4.365
    20.583     4.353
    20.600     4.341
    20.617     4.329
    20.633     4.318
    20.650     4.307
    20.667     4.296
    20.683     4.285
    20.700     4.275
    20.717     4.264
    20.733     4.255
    20.750     4.245
    20.767     4.236
    20.783     4.227
    20.800     4.218
    20.817     4.209
    20.833     4.201
    20.850     4.193
    20.867     4.186
    20.883     4.179
    20.900     4.172
    20.917     4.165
    20.933     4.159
    20.950     4.153
    20.967     4.148
    20.983     4.143
    21.000     4.138
    21.017     4.133
    21.033     4.129
    21.050     4.125
    21.067     4.122
    21.083     4.119
    21.100     4.116
    21.117     4.113
    21.133     4.111
    21.150     4.109
    21.167     4.108
    21.183     4.107
    21.200     4.106
    21.217     4.105
    21.233     4.105
    21.250     4.105
    21.267     4.106
    21.283     4.106
    21.300     4.107
    21.317     4.109
    21.333     4.110
    21.350     4.112
    21.367     4.114
    21.383     4.116
    21.400     4.119
    21.417     4.122
    21.433     4.125
    21.450     4.128
    21.467     4.132
    21.483     4.136
    21.500     4.140
    21.517     4.144
    21.533     4.148
    21.550     4.152
    21.567     4.157
    21.583     4.162
    21.600     4.167
    21.617     4.172
    21.633     4.177
    21.650     4.183
    21.667     4.188
    21.683     4.194
    21.700     4.199
    21.717     4.205
    21.733     4.211
    21.750     4.216
    21.767     4.222
    21.783     4.228
    21.800     4.234
    21.817     4.240
    21.833     4.246
    21.850     4.252
    21.867     4.258
    21.883     4.264
    21.900     4.270
    21.917     4.276
    21.933     4.282
    21.950     4.288
    21.967     4.294
    21.983     4.299
    22.000     4.305
    22.017     4.311
    22.033     4.316
    22.050     4.322
    22.067     4.327
    22.083     4.333
    22.100     4.338
    22.117     4.343
    22.133     4.348
    22.150     4.353
    22.167     4.358
    22.183     4.362
    22.200     4.367
    22.217     4.371
    22.233     4.376
    22.250     4.380
    22.267     4.384
    22.283     4.388
    22.300     4.392
    22.317     4.396
    22.333     4.399
    22.350     4.403
    22.367     4.406
    22.383     4.410
    22.400     4.413
    22.417     4.416
    22.433     4.419
    22.450     4.422
    22.467     4.424
    22.483     4.427
    22.500     4.429
    22.517     4.432
    22.533     4.434
    22.550     4.436
    22.567     4.438
    22.583     4.440
    22.600     4.442
    22.617     4.444
    22.633     4.445
    22.650     4.447
    22.667     4.449
    22.683     4.450
    22.700     4.451
    22.717     4.453
    22.733     4.454
    22.750     4.455
    22.767     4.456
    22.783     4.457
    22.800     4.458
    22.817     4.459
    22.833     4.460
    22.850     4.461
    22.867     4.462
    22.883     4.463
    22.900     4.464
    22.917     4.464
    22.933     4.465
    22.950     4.466
    22.967     4.466
    22.983     4.467
    23.000     4.467
    23.017     4.468
    23.033     4.469
    23.050     4.469
    23.067     4.470
    23.083     4.470
    23.100     4.470
    23.117     4.471
    23.133     4.471
    23.150     4.471
    23.167     4.472
    23.183     4.472
    23.200     4.472
    23.217     4.472
    23.233     4.473
    23.250     4.473
    23.267     4.473
    23.283     4.473
    23.300     4.473
    23.317     4.473
    23.333     4.473
    23.350     4.473
    23.367     4.472
    23.383     4.472
    23.400     4.472
    23.417     4.471
    23.433     4.471
    23.450     4.470
    23.467     4.469
    23.483     4.468
    23.500     4.467
    23.517     4.466
    23.533     4.465
    23.550     4.464
    23.567     4.463
    23.583     4.461
    23.600     4.459
    23.617     4.458
    23.633     4.456
    23.650     4.454
    23.667     4.451
    23.683     4.449
    23.700     4.446
    23.717     4.444
    23.733     4.441
    23.750     4.438
    23.767     4.434
    23.783     4.431
    23.800     4.427
    23.817     4.423
    23.833     4.419
    23.850     4.415
    23.867     4.411
    23.883     4.406
    23.900     4.401
    23.917     4.396
    23.933     4.391
    23.950     4.386
    23.967     4.380
    23.983     4.374
    24.000     4.368
