     0.000     4.368
     0.083     4.334
     0.167     4.296
     0.250     4.253
     0.333     4.207
     0.417     4.158
     0.500     4.108
     0.583     4.058
     0.667     4.011
     0.750     3.967
     0.833     3.928
     0.917     3.895
     1.000     3.871
     1.083     3.856
     1.167     3.850
     1.250     3.855
     1.333     3.869
     1.417     3.893
     1.500     3.926
     1.583     3.966
     1.667     4.011
     1.750     4.061
     1.833     4.112
     1.917     4.163
     2.000     4.212
     2.083     4.257
     2.167     4.295
     2.250     4.327
     2.333     4.350
     2.417     4.364
     2.500     4.368
     2.583     4.364
     2.667     4.350
     2.750     4.329
     2.833     4.302
     2.917     4.270
     3.000     4.235
     3.083     4.199
     3.167     4.163
     3.250     4.129
     3.333     4.098
     3.417     4.071
     3.500     4.050
     3.583     4.035
     3.667     4.026
     3.750     4.022
     3.833     4.023
     3.917     4.029
     4.000     4.038
     4.083     4.049
     4.167     4.062
     4.250     4.074
     4.333     4.085
     4.417     4.094
     4.500     4.102
     4.583     4.106
     4.667     4.108
     4.750     4.108
     4.833     4.107
     4.917     4.105
     5.000     4.105
     5.083     4.106
     5.167     4.112
     5.250     4.123
     5.333     4.140
     5.417     4.166
     5.500     4.200
     5.583     4.244
     5.667     4.298
     5.750     4.363
     5.833     4.437
     5.917     4.520
     6.000     4.612
     6.083     4.710
     6.167     4.814
     6.250     4.923
     6.333     5.034
     6.417     5.146
     6.500     5.258
     6.583     5.368
     6.667     5.476
     6.750     5.581
     6.833     5.683
     6.917     5.781
     7.000     5.877
     7.083     5.969
     7.167     6.060
     7.250     6.150
     7.333     6.240
     7.417     6.331
     7.500     6.424
     7.583     6.520
     7.667     6.620
     7.750     6.724
     7.833     6.833
     7.917     6.946
     8.000     7.062
     8.083     7.182
     8.167     7.304
     8.250     7.427
     8.333     7.549
     8.417     7.670
     8.500     7.787
     8.583     7.899
     8.667     8.005
     8.750     8.104
     8.833     8.194
     8.917     8.274
     9.000     8.345
     9.083     8.406
     9.167     8.458
     9.250     8.500
     9.333     8.534
     9.417     8.560
     9.500     8.579
     9.583     8.594
     9.667     8.604
     9.750     8.612
     9.833     8.618
     9.917     8.624
    10.000     8.631
    10.083     8.638
    10.167     8.647
    10.250     8.657
    10.333     8.669
    10.417     8.682
    10.500     8.696
    10.583     8.710
    10.667     8.723
    10.750     8.734
    10.833     8.743
    10.917     8.747
    11.000     8.747
    11.083     8.741
    11.167     8.729
    11.250     8.711
    11.333     8.686
    11.417     8.655
    11.500     8.617
    11.583     8.573
    11.667     8.524
    11.750     8.471
    11.833     8.415
    11.917     8.357
    12.000     8.298
    12.083     8.241
    12.167     8.186
    12.250     8.134
    12.333     8.087
    12.417     8.046
    12.500     8.011
    12.583     7.985
    12.667     7.966
    12.750     7.956
    12.833     7.955
    12.917     7.962
    13.000     7.978
    13.083     8.002
    13.167     8.033
    13.250     8.071
    13.333     8.115
    13.417     8.163
    13.500     8.215
    13.583     8.269
    13.667     8.325
    13.750     8.382
    13.833     8.438
    13.917     8.493
    14.000     8.547
    14.083     8.598
    14.167     8.645
    14.250     8.690
    14.333     8.730
    14.417     8.767
    14.500     8.801
    14.583     8.831
    14.667     8.857
    14.750     8.881
    14.833     8.902
    14.917     8.921
    15.000     8.939
    15.083     8.955
    15.167     8.971
    15.250     8.986
    15.333     9.002
    15.417     9.017
    15.500     9.033
    15.583     9.050
    15.667     9.068
    15.750     9.085
    15.833     9.103
    15.917     9.122
    16.000     9.139
    16.083     9.155
    16.167     9.170
    16.250     9.182
    16.333     9.191
    16.417     9.196
    16.500     9.196
    16.583     9.190
    16.667     9.176
    16.750     9.155
    16.833     9.126
    16.917     9.087
    17.000     9.038
    17.083     8.978
    17.167     8.907
    17.250     8.825
    17.333     8.732
    17.417     8.627
    17.500     8.512
    17.583     8.387
    17.667     8.252
    17.750     8.109
    17.833     7.959
    17.917     7.803
    18.000     7.642
    18.083     7.478
    18.167     7.313
    18.250     7.148
    18.333     6.985
    18.417     6.825
    18.500     6.669
    18.583     6.519
    18.667     6.375
    18.750     6.238
    18.833     6.109
    18.917     5.987
    19.000     5.872
    19.083     5.765
    19.167     5.665
    19.250     5.570
    19.333     5.481
    19.417     5.396
    19.500     5.315
    19.583     5.236
    19.667     5.158
    19.750     5.082
    19.833     5.005
    19.917     4.929
    20.000     4.853
    20.083     4.777
    20.167     4.701
    20.250     4.627
    20.333     4.553
    20.417     4.483
    20.500     4.416
    20.583     4.353
    20.667     4.296
    20.750     4.245
    20.833     4.201
    20.917     4.165
    21.000     4.138
    21.083     4.119
    21.167     4.108
    21.250     4.105
    21.333     4.110
    21.417     4.122
    21.500     4.140
    21.583     4.162
    21.667     4.188
    21.750     4.216
    21.833     4.246
    21.917     4.276
    22.000     4.305
    22.083     4.333
    22.167     4.358
    22.250     4.380
    22.333     4.399
    22.417     4.416
    22.500     4.429
    22.583     4.440
    22.667     4.449
    22.750     4.455
    22.833     4.460
    22.917     4.464
    23.000     4.467
    23.083     4.470
    23.167     4.472
    23.250     4.473
    23.333     4.473
    23.417     4.471
    23.500     4.467
    23.583     4.461
    23.667     4.451
    23.750     4.438
    23.833     4.419
    23.917     4.396
    24.000     4.368
